202.58569017461616 0.057664493406355384
208.31920531539893 0.04530516797190999
214.05108189403808 0.044044012315333926
219.7827722724336 0.044044012315333926
225.51386681004965 0.048079710416377375
231.2423917843041 0.06951935657817067
236.70600594799305 0.1206213837826333
241.12568791397382 0.18396022415775978
244.50253041167593 0.25213469565038654
247.0989345383816 0.31248099381755184
249.6954069385099 0.37236486824397236
251.58503971725952 0.43010177530265065
253.75749352378313 0.5049263405907466
255.65683738412602 0.5809179753197697
257.2106722102398 0.6442700278017744
258.6775949693189 0.7080845040245239
261.0983657162549 0.7816098788029093
264.7355981712748 0.8507422280442213
269.6772502261149 0.9079356370699463
275.40503039939495 0.9344199058580438
281.13325745325966 0.957877401070359
286.8616334673192 0.9803259717574131
292.5914618432788 0.992937528323174
298.32210950031026 1.0
303.53883207167377 0.9587181715080764
307.4573851647271 0.8870424916926694
309.91704445320505 0.8148119033883688
310.6032537969279 0.755020513710097
311.13425034159593 0.6877378594317634
311.612710487534 0.6233684747201205
312.60790290947915 0.5379125674305255
313.2011326295628 0.4524566601409304
314.19566962665044 0.3714400207624834
315.10120929130875 0.28820374742846233
316.6746385897234 0.21884018631677798
317.72725091078723 0.14781189973841338
319.3020729870239 0.06901489431554017
322.6444120475874 0.01796331333734058
328.1691520272433 0.007974960537257965
333.90084240563885 0.007974960537257965
339.6325327840344 0.007974960537257965
345.36422316242994 0.007974960537257965
351.09591354082545 0.007974960537257965
356.827603919221 0.007974960537257965
362.5592942976166 0.007974960537257965
368.2909846760121 0.007974960537257965
374.0226750544076 0.007974960537257965
379.7543654328032 0.007974960537257965
385.48605581119875 0.007974960537257965
391.21774618959427 0.007974960537257965
396.94951104808723 0.0074704982746278585
400.0758131380237 0.007974960537257965
