201.9851731145896 0.05671665970995812
206.27093014424108 0.05818294849810694
210.55668717389256 0.07032118918093963
214.842444203544 0.1006412738324936
218.54377982006122 0.1527633276712314
221.46588688573266 0.20037425722673832
224.1931868136927 0.2479425992324745
226.72567960394127 0.29612829251261474
229.2581723941899 0.34493510468609645
231.98547232214992 0.3912612089051494
234.71277225010994 0.43696619423086136
237.44007217806995 0.48546621457660954
239.97256496831855 0.5337036677645283
242.3102506208557 0.5833866307513067
244.84274341110432 0.6362307157315072
247.95965761448718 0.6830129410558481
251.0765718178701 0.7332458268987517
253.80387174583012 0.7842303228178656
256.7259788115016 0.8344810076700735
259.84289301488445 0.8837261419395386
262.9598072182673 0.9307973600823088
266.6611428347845 0.9706170249313416
270.946899864436 0.9916485588597446
275.2326568940874 0.9966721649461213
279.51841392373893 0.9971503100403181
283.80417095339044 1.0
288.0899279830419 0.9949445404080642
292.37568501269334 0.9930511406367755
296.6614420423448 0.9897743396939537
300.94719907199624 0.9859046525347605
304.64853468851345 0.9720928183945364
306.2348213813065 0.9203377098449707
307.7654488918963 0.8678051262161749
309.29607640248616 0.8135644656306902
310.168070257004 0.7560760726688366
310.68755595756784 0.7042744519664407
311.355466144007 0.6506226971323851
311.79146307126587 0.591614482573399
312.6356273346821 0.524420568671809
313.4148558855278 0.44726161664988867
314.19408443637354 0.36847222753294756
315.16812012493074 0.2943061778041697
316.2534741778944 0.227052228688922
317.0187879331893 0.1731461461208318
318.3685231016185 0.11622341180451345
319.0642628791593 0.06929063123137794
321.5967556694079 0.027014122053273006
325.88251269905936 0.009705680656329539
330.1682697287108 0.008998053317783557
334.4540267583623 0.009080940934399484
338.7397837880138 0.00916382855101521
343.0255408176653 0.009246716167630935
347.3112978473167 0.009329603784246661
351.5970548769682 0.009412491400862387
355.8828119066196 0.009495379017478114
360.16856893627113 0.00957826663409384
364.45432596592264 0.009661154250709566
368.7400829955741 0.009744041867325493
373.02584002522553 0.009826929483941219
377.311597054877 0.009909817100556944
381.5973540845285 0.00999270471717267
385.88311111417994 0.010075592333788397
390.16886814383145 0.010158479950404123
394.4546251734829 0.010241367567019849
398.3507679277115 0.010316719945761528
