202.36802495613182 0.055988510604876085
206.70540066289726 0.056839443931228084
211.0427763696627 0.06917797716333118
214.78869175277833 0.09474143250915357
217.5488399298109 0.13075245813963043
219.91468122441023 0.16689348747274435
222.08336907779295 0.20371053605957123
224.31777474491457 0.24021557576006902
226.25175612065846 0.2745365532562636
228.2232905328246 0.3124233465962186
229.9695067264574 0.3503547126342206
232.13819457984016 0.3884197967663635
234.6354715019172 0.42872094458386467
236.278416845389 0.4608058583947011
238.2499512575551 0.4969988892088699
240.41863911093782 0.5299938289381659
242.14920820606142 0.566264861973917
243.60125894772028 0.5996943855091714
245.1503217001365 0.6367268688032255
247.51616299473585 0.6733879129468878
249.68485084811857 0.7054208252766694
251.8535387015013 0.7415098531287283
253.6279196724508 0.7781188957913359
255.59945408461692 0.8124398732875304
257.76814193799964 0.847072859670054
260.13398323259895 0.8837339038137163
262.4998245271983 0.9198749331468302
265.4571261454475 0.9581826908572292
269.4001949697797 0.9853495252022426
273.73757067654515 0.9945679695710552
278.0749463833106 0.9952770806763485
282.41232209007603 0.9961280140027005
286.7496977968415 0.9954189028974072
291.087073503607 0.9932915695815273
295.4244492103724 0.9900296584971783
299.76182491713786 0.9860586363075359
304.1649184376422 0.9761665363886948
306.2678884772861 0.9341753404369113
307.1879378696302 0.8933541778088617
308.2675876667688 0.8557645357892201
309.50683786870184 0.809408929820334
310.01380386040165 0.7740627802690583
310.62717012196447 0.7307628803773948
311.0652888802236 0.6811881351051139
311.59103139013456 0.6430190480108611
311.85390264509005 0.6039659357386762
312.2482095275233 0.5670448841897396
312.77395203743424 0.529135804500761
312.9992702559675 0.4853654150186014
313.6501895539525 0.4357411445262681
313.95687268473387 0.3890438145390216
314.5702389462967 0.3428318317082871
315.0083577045558 0.2975212078825029
315.7312536556834 0.26153618299255343
316.2569961655944 0.22279507960669764
317.1113277441997 0.18935812728843526
317.89994150906614 0.14572145590041652
318.75427308767144 0.09903155469617797
319.5428868525379 0.056390340231208924
321.60642620393844 0.02414942197720804
325.78607915773057 0.0057834443501123545
330.123454864496 0.004648866581643096
334.46083057126145 0.004648866581643096
338.7982062780269 0.004648866581643096
343.1355819847924 0.004648866581643096
347.47295769155784 0.004648866581643096
351.8103333983233 0.004648866581643096
356.1477091050887 0.004648866581643096
360.4850848118542 0.004648866581643096
364.82246051861966 0.004648866581643096
369.1598362253851 0.004648866581643096
373.49721193215055 0.004648866581643096
377.834587638916 0.004648866581643096
382.17196334568143 0.003797933255291097
386.5093390524469 0.0030888221499978386
390.8467147592123 0.0030888221499978386
395.18409046597776 0.0030888221499978386
398.7328524078768 0.0033116856402328754
