202.10744266825535 0.03074516623868487
206.5103992624771 0.02982294470323167
210.91383804486625 0.03235905392572797
215.31782330717846 0.03881460467390014
219.72354444689336 0.05772014615069098
224.13199798622355 0.0962228952558621
227.94286367498276 0.15504333756398656
230.75241473648256 0.20946401463005335
233.16175899491606 0.2644130477841399
235.57133898978697 0.3210528204198908
237.9805064458924 0.37473379896272907
240.7906026479037 0.433064311080144
244.0010235212 0.49171183685037106
247.21166539740636 0.5519444308846585
250.22189552040032 0.6102296553373862
253.03229481211685 0.6707339753597978
256.44344315706854 0.7335932539459563
260.65370128665575 0.7860446037748572
265.0637299739995 0.8358445666893299
269.4748837670671 0.8937139680390186
273.88288726410775 0.9289889417701035
278.289476342524 0.9541194786112032
282.6955832327728 0.9757916846943534
287.10037214203066 0.9880111200391083
291.5042931125872 0.9940055600195542
295.90798906199905 0.9983861123129569
300.3112992608769 1.0
304.713259332886 0.9919305615647845
308.1059674246356 0.9225333910219311
310.16530200764134 0.8595533453299394
310.8516368583058 0.805872366787101
311.583580816196 0.7443717181415654
312.82437955444414 0.6720926053004208
313.66581130068414 0.6063651079507251
314.458592939656 0.5505707050558064
315.2514335127372 0.4951989870313035
316.0441562175997 0.4389818992659689
316.8369967906809 0.38361018124146623
317.62966056143404 0.3269704086057153
318.4225600686246 0.2720213754516288
319.21545957581515 0.21707234229754224
320.0088894899899 0.16592747297719984
321.7524551151 0.11097843982311331
323.7451499539586 0.04852675021914192
327.39285120333693 0.013684067832800432
331.79500415061307 0.006997961700764729
336.1980893283461 0.006997961700764729
340.60117450607913 0.006997961700764729
345.0042596838123 0.006997961700764729
349.4073448615453 0.006997961700764729
353.81043003927834 0.006997961700764729
358.21351521701143 0.006997961700764729
362.6166003947445 0.006997961700764729
367.01968557247756 0.006997961700764729
371.4227707502106 0.006997961700764729
375.8258559279437 0.006997961700764729
380.22894110567677 0.006997961700764729
384.6320262834098 0.006997961700764729
389.0351114611429 0.006997961700764729
393.438196638876 0.006997961700764729
397.841281816609 0.006997961700764729
