202.07555225614377 0.04346916239630638
206.51991122359883 0.040214062654567506
210.96427019105388 0.04027104161568862
215.40862915850894 0.04032802057680995
219.852988125964 0.040384999537931066
224.2973470934191 0.0404419784990524
228.74170606087415 0.044424384070970824
233.1860650283292 0.059324382404169596
236.82235872897425 0.08648097908499697
239.4485708461068 0.11575089874944844
241.46873401313184 0.14827401493276415
243.08486454675185 0.17831811464851044
244.90301139707438 0.20667809757020794
246.17282824491866 0.23830808087105704
247.73123983090943 0.2733392734087693
249.28965141690014 0.30928610675190193
250.55946826474445 0.3430365213916192
251.82928511258876 0.3773652354873914
253.3299777509502 0.41304627492665746
254.59979459879452 0.4463147733529955
255.9273303942681 0.47707804745627014
257.63003934933204 0.5117978444215562
259.15959146150817 0.5449732895445047
260.8623004165721 0.5793075535390875
262.5072904240068 0.6151832094299753
263.82520639487547 0.6441150785913246
265.50867570072967 0.677061177229206
267.7308551844572 0.7078102189253088
270.5590836182922 0.7395003415463239
273.9933610022348 0.765988184296586
277.42763838617736 0.7957557346101227
281.26594840352493 0.82699368483151
285.306274737575 0.8533921840213501
288.7405521215175 0.8829348401019765
292.5788621388651 0.9116580639008218
296.4171721562126 0.9403812876996671
300.05346585685766 0.9703163504034495
304.57552340765983 0.9878001686395247
307.3260532581478 0.955026823172404
308.8209740017463 0.9232009654428694
309.9522653752803 0.8956884150702111
310.4371045353663 0.8616906229408468
310.96234695879286 0.8309318257559459
311.433718364432 0.794280109014722
312.05323506898634 0.756730714640561
312.5380742290723 0.7205739378752581
312.9421068624773 0.680098155856967
313.7039969711839 0.6389715557048301
314.23501128937335 0.5945649653556828
314.5986406594379 0.5644787789072901
315.2720283817796 0.5260304982555624
315.7703352963124 0.48825465567682413
316.4167875097604 0.44438929145967776
316.90162666984645 0.40460850476976373
317.4268690932729 0.37088110371044747
317.7904984633374 0.33661188452992385
318.55238857204404 0.2947527717334507
319.04299962689294 0.25586842319907277
319.51437103253215 0.22000383627303466
320.13388773708647 0.18632262270493039
321.06316279391797 0.1587400141096207
322.07324437743046 0.12648064145088878
323.2853422776455 0.08983842120318508
324.69945649456304 0.04915069471587463
328.1337338785056 0.020796715775617702
332.57809284596067 0.007114701598948114
337.0224518134157 0.006803671815307055
341.4668107808708 0.006860650776428168
345.91116974832585 0.006672290574374795
350.3555287157809 0.005625243301209171
354.79988768323597 0.005682222262330505
359.244246650691 0.006107209968213789
363.6886056181461 0.005796180184572952
368.13296458560114 0.005853159145694065
372.5773235530562 0.005910138106815399
377.02168252051126 0.0059671170679365115
381.4660414879663 0.006269435192232331
385.9104004554214 0.0060810749901789585
390.35475942287644 0.006138053951300071
394.7991183903315 0.006195032912421405
398.63742840767907 0.00658158336457304
