249.92713218865114 0.3911511993578861
251.9148265195891 0.3763018811651028
253.83153176727927 0.3912355704839814
254.6124116830049 0.40948082650210296
255.25131343223495 0.43087312552358114
256.03765404667195 0.4561679599890627
257.0970295966773 0.4808039579468149
257.94889859565075 0.5016653215247932
259.510658427102 0.5260485769663521
260.71747284231435 0.5387162988986695
261.85329817427885 0.5563498642525996
263.67061870542216 0.5711991824453828
264.6455354486917 0.5797949931254314
265.4737414199159 0.60551171412656416
266.09844535249636 0.6190749752972938
267.0355012513671 0.641919060338513
268.0293484168361 0.6612111209711176
269.633701698236 0.6787639311043564
270.7269335802519 0.6858173572459285
271.9337479954642 0.7011307166322362
273.56649691016327 0.7217172713995038
274.5840071033815 0.73469636296384
275.19924582486226 0.7568156598551732
276.02745179608644 0.7784046239539074
277.5418855720392 0.80970430289895
279.22534097477234 0.8262892556856949
280.5234270684461 0.837352586997977
281.87221965015397 0.8605620124074312
283.93090306433976 0.876707030036679
285.492662895791 0.8992220676861263
286.7704663942511 0.912070584888648
288.04826989271123 0.9286796437114202
289.6100297241625 0.9484224872177343
290.8168441393748 0.9609937850059428
291.95266947133933 0.9795554327469219
293.94036380227726 0.996260915713803
295.92805813321525 1.0020150265135065
297.91575246415323 0.9916205037785583
299.88924897844163 0.9734168306725839
300.6843267108168 0.9465156997679792
301.32322846004683 0.9254946337013205
301.91844461958596 0.9003650182981488
302.60103195850695 0.8744501024136281
303.09795554124145 0.8536455889039473
303.8281289689329 0.8121139020835068
304.30476995645375 0.7853541932569286
304.58872628944493 0.7635442571612782
304.87268262243606 0.7433584652429636
305.1566389554272 0.7213165085505509
305.4405952884183 0.6981144488743271
305.8546982740304 0.65799422068419
306.18598066252 0.6280442286521312
306.3634533706395 0.60894119951870685
306.57642062038286 0.5840376554662267
306.860376953374 0.5537202974892942
307.1443332863651 0.5221654963296298
307.4282896193563 0.49092005596564846
307.8305610910937 0.4472615136748874
308.1807739017828 0.4145388755115198
308.54991713467126 0.38799571924191966
308.77708220106416 0.3623806453593686
309.1178298006535 0.33713680443163696
309.4159839502942 0.31017601108786494
309.92473904690337 0.2800492414582729
310.2820507659172 0.25008267652644534
310.7647765320021 0.22725184980504125
311.3326891979844 0.20460663956104668
311.9479279194652 0.17856232757448538
312.39752544670114 0.15309806707982986
312.89444902943563 0.13159749177986228
313.3203835289223 0.1123287336487509
313.9756673742865 0.0877039542693035
314.8111542771258 0.06121791076198349
315.94697960909036 0.038678767076509075
317.93467394002835 0.02363057408650093
319.9223682709663 0.020011052777009866
321.9100626019042 0.012493585441913524
323.8977569328422 0.006925091119619822
325.88545126378017 0.005068926345521874
327.8731455947181 0.005068926345521874
329.860839925656 0.0032127615714239255
331.848534256594 0.0032127615714239255
333.9782067540275 0.0013565967973261195
335.9659010849655 0.0013565967973261195
337.95359541590346 0.0013565967973261195
339.9412897468414 0.0013565967973261195
341.9289840777793 0.0013565967973261195
343.9166784087173 0.0013565967973261195
345.9043727396553 0.0013565967973261195
347.8920670705932 0.0013565967973261195
349.87976140153114 -0.0004995679767718286
351.8674557324691 -0.0004995679767718286
353.8551500634071 -0.0004995679767718286
355.9848225608406 -0.0004995679767718286
357.9725168917786 -0.0004995679767718286
359.9602112227165 -0.0004995679767718286
361.94790555365444 -0.0004995679767718286
363.9355998845924 -0.0004995679767718286
365.9232942155304 -0.0004995679767718286
367.91098854646833 -0.0004995679767718286
369.89868287740626 -0.0004995679767718286
371.88637720834424 -0.0004995679767718286
373.8740715392822 -0.0004995679767718286
375.86176587022015 -0.0004995679767718286
377.8494602011581 -0.0004995679767718286
379.9791326985916 -0.0004995679767718286
381.96682702952955 -0.0004995679767718286
383.95452136046754 -0.0004995679767718286
385.9422156914055 -0.0004995679767718286
387.92991002234345 -0.0004995679767718286
389.9176043532814 -0.0004995679767718286
391.90529868421936 -0.0004995679767718286
393.89299301515734 -0.0004995679767718286
395.88068734609527 -0.0004995679767718286
397.8683816770332 -0.0004995679767718286
399.8560760079712 -0.0004995679767718286
401.84377033890917 -0.0004995679767718286
403.8314646698471 -0.0004995679767718286
405.96113716728064 -0.0004995679767718286
407.94883149821857 -0.0004995679767718286
409.9365258291565 -0.0004995679767718286
