225.80240199277807 -0.0009481488675746608
228.1060683352983 -0.00025681129804810965
230.40982558860497 -0.00023166797195472988
232.7135828419117 -0.0002065246458613501
235.01734009521837 -0.00018138131976797034
237.3210973485251 -0.00015623799367459057
239.62443900966494 0.002914364730970176
241.92655986881473 0.014931004438858864
244.22774564558915 0.03379992779348795
246.3189794545817 0.05647338963938853
248.0957447360546 0.08148699902770407
249.70197537428487 0.10921564544898743
251.2646669351576 0.136264592118297
252.37766388424416 0.16541485008820467
253.42125477692713 0.19159819557909197
254.36037943548627 0.21594836402207962
255.19496643001793 0.23898879375129367
256.02948199464595 0.26255266181463366
256.8639975592739 0.28611652987797354
257.6984774089501 0.3099421171083764
258.53295725862625 0.33376770433877945
259.76636471680587 0.36828196151280235
261.0365396674621 0.4041975893617362
261.87084094237906 0.42933177242745413
262.70514221729604 0.45446595549317204
263.5393006324057 0.4806470152271419
264.3736019073226 0.5057811982928598
265.20776032243225 0.5319622580268297
266.04206159734923 0.5570964410925476
266.8763628722662 0.5822306241582655
267.71091415184605 0.6055327730545426
268.6499102365786 0.6308251304989569
269.83300645227683 0.6578624565433662
271.36384656874515 0.6945049467686061
272.5125156117267 0.7180373475783807
273.7658961315014 0.7416057871555558
275.123924861583 0.7656738823103573
276.5866868375713 0.7896184921688256
277.9450931257152 0.8109198418432468
279.8668681979471 0.835802576298015
281.4242940710398 0.8575189694713443
282.96185931293905 0.8814207758103918
284.73907698380197 0.9031192757492428
286.8303194509646 0.9257292905243402
289.1309026190971 0.9490141300068685
291.327990350433 0.9633517896276939
293.52448326548017 0.9820482630126957
295.8263833412913 0.9956828030260648
298.12988084949376 0.9976113584762527
300.43499063266484 0.9877251629561682
302.53255170870926 0.9640324118458521
304.2111816564495 0.9408200061199821
305.5755132251744 0.9187008996969045
306.73039190778206 0.8967290613266595
307.7808114992563 0.8728717020751022
308.7267862855779 0.8470241342754073
309.67485932531986 0.8058005654107616
310.37722182991064 0.7746330698171663
310.7293593500415 0.752041791322257
311.15186723027557 0.7253510077956665
311.574732260028 0.6960430325984461
311.9979901542506 0.6638561465635329
312.42146233818426 0.6300989455262416
312.84504166697343 0.5955565869877614
313.26894243032916 0.5586587559457141
313.692807478733 0.5220226440707298
314.11688681684797 0.48381621719336765
314.5411090147702 0.44456291364775335
314.9235447190429 0.4045763392829793
315.3894105508074 0.3671031832247771
315.8134184590186 0.3294201946815408
316.237390652278 0.29199892530536764
316.6613628455374 0.25457765592919435
317.08508503413395 0.21898842072246216
317.50862864797125 0.18470778135104482
317.9318151122902 0.1530443336502576
318.35478728689816 0.1229512009518483
318.7773665970359 0.09573697909113177
319.19929113305665 0.07332094195990368
319.94865127346395 0.03880443363900765
321.2481448226093 0.02287504870786905
322.7683144092009 0.009817558418147243
325.0729418086069 0.0034662711285240455
327.3767769854449 0.0029203908173891513
329.6806381367933 0.0021841692938446844
331.9845642244178 0.0009720947392766188
334.2883344649797 0.0009020674591653233
336.5920917182864 0.000927210785258703
338.89590092061394 0.0005716716865333815
341.1996451866654 0.0006919856188314366
343.5033634782065 0.0010026407635388424
345.8071207315132 0.0010277840896322221
348.1108909720751 0.0009577568095211486
350.41471316165786 0.0005070471045907077
352.7183924914333 0.0011032140679123614
355.02214974474 0.0011283573940057412
357.32590699804666 0.001153500720099121
359.62974217488465 0.0006076204089642268
361.93343449191525 0.0011086167660814272
364.2371787579667 0.0012289306983792603
366.54093601127346 0.00125407402447264
368.84473222634574 0.0009937055319519938
371.1485024669077 0.0009236782518406983
373.45220777119357 0.0013295040027527794
375.75596502450026 0.0013546473288461591
378.05973526506216 0.0012846200487350856
380.1541581667238 0.0005884108154750045
