270.1590209142696 0.20516348899327596
270.79792266349966 0.21759979297973203
271.3658353294819 0.2292008228178439
271.9337479954642 0.2403378114624313
272.50166066144646 0.25101075891349424
273.06957332742877 0.2616837063645572
273.70847507665883 0.2740272021123083
274.25610514742743 0.2869408056121037
274.7023222421278 0.30081784701845464
275.0714654750163 0.31356351180059363
275.48320215785344 0.325412030275252
275.9091366573401 0.3396426268766692
276.4770493233224 0.35101163611801894
277.0449619893047 0.3609885217787951
277.68386373853474 0.3713521084341751
278.0388091547736 0.38210239608415876
278.3227654877648 0.3930073641319839
278.6067218207559 0.4041443527765715
278.89067815374705 0.41574538261468334
279.17463448673817 0.4287385360333687
279.45859081972935 0.4410356276617672
279.75674496937 0.4531471028127561
280.2191881402413 0.4667236223033008
280.66540523494166 0.48071114970810996
281.09133973442835 0.4920028187505389
281.46048296731686 0.5036347846682192
281.87221965015397 0.5164423216094947
282.2839563329911 0.5309204068474584
282.58211048263183 0.5433567108339143
282.86606681562296 0.55472572007526395
283.1500231486141 0.5667907911069003
283.43397948160526 0.5786238415417745
283.7179358145964 0.5897608301863619
284.0018921475875 0.6011298394277116
284.28584848057864 0.613194910459348
284.5698048135698 0.6250279608942221
284.85376114656094 0.6361649495388095
285.13771747955207 0.647301938183397
285.4216738125432 0.6584389268279844
285.7056301455343 0.6695759154725718
285.98958647852544 0.6807129041171592
286.2735428115166 0.6918498927617466
286.55749914450774 0.7034509225998585
286.84145547749887 0.7155159936314949
287.12541181049 0.7271170234696069
287.4093681434812 0.7382540121141943
287.6933244764723 0.7493910007587817
287.9772808094634 0.7605279894033691
288.26123714245455 0.7718969986447189
288.54519347544567 0.7839620696763552
288.82914980843685 0.7957951201112294
289.113106141428 0.8069321087558168
289.3970624744191 0.8180690974004042
289.6810188074102 0.8289740654482293
289.97917295705093 0.8405286911669889
290.3909096398881 0.8531815477104229
290.86755062740895 0.8675226303102984
291.25697645551105 0.880250617332684
291.6687131383482 0.8916969667729543
292.23662580433046 0.906468944766817
292.80453847031276 0.9178379540081666
293.372451136295 0.9285109014592295
294.01135288552507 0.9391838489102925
294.43728738501176 0.950630198350563
294.8632218844985 0.9631593105757239
295.23236511738696 0.9745437878568575
295.92805813321525 0.98868157621957
296.7799271321886 0.995023472531071
297.63179613116205 0.9919298645742413
298.4836651301355 0.9831130818972763
299.19355596261335 0.9709706706667191
299.67019695013414 0.9567511226651476
300.0454249615867 0.9438242608455373
300.32938129457784 0.930831107426852
300.4571616444239 0.9181163787242812
300.7553157940646 0.9025245946218588
301.05346994370524 0.8856334951775679
301.1812502935513 0.8718978758492435
301.479404443192 0.8555636258371818
301.60718479303796 0.8408071158831035
301.90533894267867 0.8240088246775176
302.0331192925247 0.812964644271635
302.17509745902026 0.802291696820572
302.3170756255158 0.7888345022083621
302.4590537920114 0.7765374105799636
302.60103195850695 0.7654004219353762
302.7430101250025 0.7542634332907886
302.8849882914981 0.7431264446462012
303.02696645799364 0.7312933942113271
303.1689446244892 0.7196923643732153
303.3109227909848 0.7080913345351033
303.4529009574803 0.6964903046969914
303.59487912397594 0.6848892748588796
303.7368572904715 0.6732882450207677
303.87883545696707 0.6616872151826557
304.02081362346263 0.6503182059413061
304.1627917899582 0.63871717610319415
304.30476995645375 0.62688412566832
304.4467481229493 0.6152830958302081
304.58872628944493 0.60391408658885844
304.73070445594044 0.59277709794427096
304.87268262243606 0.5811760681061591
305.0146607889316 0.56934301767128495
305.1566389554272 0.557741987833173
305.29861712192275 0.5463729785918234
305.4405952884183 0.535235989947236
305.58257345491387 0.5240990013026486
305.72455162140943 0.51296201265806104
305.86652978790505 0.50182502401347364
306.00850795440056 0.4906880353688862
306.1504861208962 0.4795510467242988
306.4344424538873 0.46493374912827775
306.57642062038286 0.45147655451606795
306.860376953374 0.4333789479686135
307.00235511986955 0.41992175335640354
307.1443332863651 0.4101768882923896
307.2863114528607 0.3995039408413267
307.4282896193563 0.3860467462291169
307.57026778585185 0.3737496546007182
307.854224118843 0.3591323570046973
307.99620228533854 0.3456751623924875
308.1381804518341 0.33221796778027766
308.28015861832966 0.319920876151879
308.4221367848252 0.3080878257170049
308.5641149513208 0.2964867958788929
308.7060931178164 0.28418970425049437
308.84807128431197 0.27235665381562015
308.99004945080753 0.2600595621872216
309.1320276173031 0.2482265117523474
309.27400578379866 0.23662548191423554
309.4159839502942 0.2252564726728859
309.5579621167898 0.21411948402829836
309.69994028328534 0.20298249538371095
309.9838966162765 0.18952530077150115
310.1116769661225 0.17620731851734874
310.4098311157632 0.15897592219780648
310.69378744875434 0.14227043923092523
310.97774378174546 0.12726644064030069
311.27589793138617 0.11328333267542959
311.67343679757374 0.09824839800523677
311.97159094721445 0.08511603222849402
312.26974509685516 0.074303872419373675
312.7321882677264 0.06221228474810744
313.39137261217013 0.05031294271415831
314.0302743614002 0.03940797466633313
314.8111542771258 0.02842566641958726
315.66302327609924 0.020227605333988095
316.5148922750726 0.014195069818169799
317.36676127404604 0.010637420667815576
318.21863027301947 0.008317214700193176
319.07049927199284 0.007853173506668725
319.7803901044707 0.006925091119619822
